0	ascii.anm	16	232979	212648
1	ascii_960.anm	212664	270914	254554
2	ascii1280.anm	467218	296067	296067
3	bullet.anm	763285	654496	583912
4	effect.anm	1347197	294865	294865
5	screenswitch.anm	1642062	479818	479818
6	enemy.anm	2121880	1077592	1077592
7	front.anm	3199472	1873079	1873079
8	help.anm	5072551	34434	31002
9	pl00.anm	5103553	1863292	1863292
10	pl01.anm	6966845	1937335	1937335
11	sig.anm	8904180	293683	293683
12	stone.anm	9197863	808410	808410
13	trophy.anm	10006273	7578	5730
14	st01enm.anm	10012003	3175208	3175208
15	st01wl.anm	13187211	1192909	1192909
16	st01logo.anm	14380120	94901	94901
17	st02enm.anm	14475021	2936770	2936770
18	st02wl.anm	17411791	1266488	1266488
19	st02logo.anm	18678279	105143	105143
20	st03enm.anm	18783422	2967419	2967419
21	st03wl.anm	21750841	2316280	2316280
22	st03logo.anm	24067121	100295	100295
23	st04enm.anm	24167416	2991943	2991943
24	st04menm.anm	27159359	110497	110497
25	st04wla.anm	27269856	5366700	5366700
26	st04wlb.anm	32636556	5366700	5366700
27	st04wlc.anm	38003256	5366700	5366700
28	st04wld.anm	43369956	5366700	5366700
29	st04logo.anm	48736656	100298	100298
30	st05enm.anm	48836954	3497798	3497798
31	st05wl.anm	52334752	1578860	1578860
32	st05logo.anm	53913612	104760	104760
33	st06enm.anm	54018372	2800190	2800190
34	st06wl.anm	56818562	983145	983145
35	st06logo.anm	57801707	109019	109019
36	st07enm.anm	57910726	3134350	3134350
37	st07menm.anm	61045076	2062002	2062002
38	st07wl.anm	63107078	1825493	1825493
39	st07logo.anm	64932571	95357	95357
40	text.anm	65027928	28952	6279
41	notice.anm	65034207	54792	54792
42	ghost.anm	65088999	41718	34119
43	aura.anm	65123118	25097	15590
44	aura.anm	65138708	25097	15590
45	title.anm	65154298	9824455	9824455
46	title_v.anm	74978753	1534	1410
47	ebg00.anm	74980163	139768	139768
48	ebg01.anm	75119931	136570	136570
49	ebg02.anm	75256501	144092	144092
50	ebg03.anm	75400593	131411	131411
51	ebg04.anm	75532004	110851	110851
52	ebg05.anm	75642855	118651	118651
53	ebg06.anm	75761506	129038	129038
54	ebg07.anm	75890544	152439	152439
55	e00a0.anm	76042983	3899434	3899434
56	e00a1.anm	79942417	3775522	3775522
57	e00a2.anm	83717939	3848831	3848831
58	e00a3.anm	87566770	3822653	3822653
59	e00a4.anm	91389423	3861303	3861303
60	e00a5.anm	95250726	3872620	3872620
61	e00a6.anm	99123346	3765483	3765483
62	e00a7.anm	102888829	3816960	3816960
63	e01a0.anm	106705789	3897142	3897142
64	e01a1.anm	110602931	3875042	3875042
65	e01a2.anm	114477973	3909137	3909137
66	e01a3.anm	118387110	3832860	3832860
67	e01a4.anm	122219970	3848646	3848646
68	e01a5.anm	126068616	3849799	3849799
69	e01a6.anm	129918415	3899158	3899158
70	e01a7.anm	133817573	3789495	3789495
71	e00b.anm	137607068	1521297	1521297
72	e01b.anm	139128365	1563406	1563406
73	staff.anm	140691771	1902272	1902272
74	default.ecl	142594043	24176	4758
75	musiccmt.txt	142598801	5405	3041
76	trophy.txt	142601842	10756	2554
77	stonetext.txt	142604396	12875	4649
78	pl00.sht	142609045	57012	8667
79	pl01.sht	142617712	51252	7918
80	common.ecl	142625630	2572	711
81	st01.ecl	142626341	35300	6778
82	st01bs.ecl	142633119	19760	4353
83	st01mbs.ecl	142637472	5160	1454
84	st02.ecl	142638926	44884	8146
85	st02bs.ecl	142647072	19808	4298
86	st02mbs.ecl	142651370	5368	1509
87	st03.ecl	142652879	49112	9182
88	st03bs.ecl	142662061	33096	6648
89	st04.ecl	142668709	45624	8924
90	st04bs.ecl	142677633	32312	6397
91	st04mbs.ecl	142684030	12064	2759
92	st05.ecl	142686789	23376	5374
93	st05bs.ecl	142692163	29620	6091
94	st05mbs.ecl	142698254	13680	2930
95	st06.ecl	142701184	22056	4561
96	st06bs.ecl	142705745	50932	10036
97	st07.ecl	142715781	30696	5784
98	st07bs.ecl	142721565	66920	12053
99	st07mbs.ecl	142733618	15072	3311
100	st01r0.msg	142736929	1592	1072
101	st01r1.msg	142738001	1600	1069
102	st01r2.msg	142739070	1596	1071
103	st01r3.msg	142740141	1592	1079
104	st01m0.msg	142741220	1620	1098
105	st01m1.msg	142742318	1644	1131
106	st01m2.msg	142743449	1616	1106
107	st01m3.msg	142744555	1656	1142
108	st02r0.msg	142745697	2932	2034
109	st02r1.msg	142747731	2912	2014
110	st02r2.msg	142749745	2924	2038
111	st02r3.msg	142751783	2908	2009
112	st02m0.msg	142753792	3084	2095
113	st02m1.msg	142755887	3084	2096
114	st02m2.msg	142757983	3072	2085
115	st02m3.msg	142760068	3124	2134
116	st03r0.msg	142762202	3476	2329
117	st03r1.msg	142764531	3460	2309
118	st03r2.msg	142766840	3484	2350
119	st03r3.msg	142769190	3484	2337
120	st03m0.msg	142771527	3968	2727
121	st03m1.msg	142774254	4012	2770
122	st03m2.msg	142777024	4012	2763
123	st03m3.msg	142779787	3996	2753
124	st04r0.msg	142782540	3884	2624
125	st04r1.msg	142785164	3828	2621
126	st04r2.msg	142787785	4216	2803
127	st04r3.msg	142790588	3696	2563
128	st04m0.msg	142793151	4140	2804
129	st04m1.msg	142795955	3948	2646
130	st04m2.msg	142798601	4060	2809
131	st04m3.msg	142801410	3980	2688
132	st05r0.msg	142804098	3580	2356
133	st05r1.msg	142806454	3872	2565
134	st05r2.msg	142809019	3732	2479
135	st05r3.msg	142811498	3740	2456
136	st05m0.msg	142813954	4592	3193
137	st05m1.msg	142817147	3900	2698
138	st05m2.msg	142819845	3736	2582
139	st05m3.msg	142822427	3892	2675
140	st06r0.msg	142825102	3852	2759
141	st06r1.msg	142827861	3840	2705
142	st06r2.msg	142830566	4388	3030
143	st06r3.msg	142833596	3524	2440
144	st06m0.msg	142836036	3108	2227
145	st06m1.msg	142838263	3464	2463
146	st06m2.msg	142840726	3360	2365
147	st06m3.msg	142843091	3844	2716
148	st07r0.msg	142845807	3652	2546
149	st07r1.msg	142848353	3584	2462
150	st07r2.msg	142850815	3360	2384
151	st07r3.msg	142853199	3456	2385
152	st07r4.msg	142855584	3536	2353
153	st07r5.msg	142857937	3816	2542
154	st07r6.msg	142860479	3340	2299
155	st07r7.msg	142862778	3724	2530
156	st07m0.msg	142865308	3856	2663
157	st07m1.msg	142867971	3472	2416
158	st07m2.msg	142870387	3356	2238
159	st07m3.msg	142872625	3256	2171
160	st07m4.msg	142874796	3264	2200
161	st07m5.msg	142876996	3708	2544
162	st07m6.msg	142879540	3132	2093
163	st07m7.msg	142881633	3756	2558
164	e00a0.msg	142884191	3108	2511
165	e00a1.msg	142886702	3160	2596
166	e00a2.msg	142889298	3332	2680
167	e00a3.msg	142891978	4724	3715
168	e00a4.msg	142895693	3368	2776
169	e00a5.msg	142898469	3248	2702
170	e00a6.msg	142901171	3548	2911
171	e00a7.msg	142904082	3388	2734
172	e01a0.msg	142906816	3748	2924
173	e01a1.msg	142909740	3324	2711
174	e01a2.msg	142912451	4204	3349
175	e01a3.msg	142915800	3708	3013
176	e01a4.msg	142918813	2900	2355
177	e01a5.msg	142921168	4652	3704
178	e01a6.msg	142924872	3432	2799
179	e01a7.msg	142927671	4692	3645
180	e00b.msg	142931316	1032	906
181	e01b.msg	142932222	1040	914
182	staff1.msg	142933136	300	208
183	staff2.msg	142933344	300	208
184	staff3.msg	142933552	300	207
185	staff4.msg	142933759	300	208
186	staff5.msg	142933967	300	208
187	st01.std	142934175	2232	845
188	st02.std	142935020	2476	765
189	st03.std	142935785	1716	600
190	st04a.std	142936385	8004	1908
191	st04b.std	142938293	9396	2193
192	st04c.std	142940486	8456	2012
193	st04d.std	142942498	9288	2147
194	st05.std	142944645	2720	887
195	st06.std	142945532	4444	1415
196	st07.std	142946947	2064	675
197	help_01.png	142947622	138146	125522
198	help_02.png	143073144	138755	126245
199	help_03.png	143199389	154657	144684
200	help_04.png	143344073	546449	546449
201	help_05.png	143890522	148039	137047
202	help_06.png	144027569	191004	191004
203	help_07.png	144218573	235096	235096
204	help_08.png	144453669	105744	89792
205	help_09.png	144543461	200477	200477
206	notice_01.png	144743938	27638	24926
207	se_plst00.wav	144768864	3596	3596
208	se_enep00.wav	144772460	228474	228474
209	se_pldead00.wav	145000934	60852	60852
210	se_power0.wav	145061786	88052	88052
211	se_power1.wav	145149838	30412	28399
212	se_tan00.wav	145178237	15100	13509
213	se_tan01.wav	145191746	15100	11326
214	se_tan02.wav	145203072	11708	9314
215	se_ok00.wav	145212386	10876	9301
216	se_cancel00.wav	145221687	13652	11535
217	se_select00.wav	145233222	1146	1146
218	se_gun00.wav	145234368	134694	96840
219	se_cat00.wav	145331208	84260	84260
220	se_lazer00.wav	145415468	22182	22182
221	se_lazer01.wav	145437650	24182	21578
222	se_enep01.wav	145459228	230300	204088
223	se_damage00.wav	145663316	6772	6772
224	se_item00.wav	145670088	7378	4693
225	se_kira00.wav	145674781	35222	23949
226	se_kira01.wav	145698730	21940	20552
227	se_kira02.wav	145719282	25782	25782
228	se_timeout.wav	145745064	19390	19390
229	se_graze.wav	145764454	4542	4542
230	se_powerup.wav	145768996	367106	367106
231	se_pause.wav	146136102	133676	133676
232	se_cardget.wav	146269778	222864	222864
233	se_damage01.wav	146492642	27028	27028
234	se_timeout2.wav	146519670	19388	19388
235	se_invalid.wav	146539058	62950	62950
236	se_slash.wav	146602008	54782	54782
237	se_ch00.wav	146656790	87564	87564
238	se_ch01.wav	146744354	60286	60286
239	se_extend.wav	146804640	70188	64222
240	se_cardget.wav	146868862	222864	222864
241	se_nep00.wav	147091726	224926	224926
242	se_bonus.wav	147316652	45336	45336
243	se_bonus2.wav	147361988	45336	45336
244	se_enep02.wav	147407324	232708	232708
245	se_lazer02.wav	147640032	17768	17768
246	se_nodamage.wav	147657800	13358	13358
247	se_boon00.wav	147671158	35408	35408
248	se_don00.wav	147706566	142782	142782
249	se_boon01.wav	147849348	142782	142782
250	se_ch02.wav	147992130	44314	44314
251	se_ch03.wav	148036444	26590	26590
252	se_extend2.wav	148063034	27674	18031
253	se_pin00.wav	148081065	35410	35410
254	se_pin01.wav	148116475	125670	125670
255	se_lgods1.wav	148242145	83320	83320
256	se_lgods2.wav	148325465	62420	62420
257	se_lgods3.wav	148387885	41870	41870
258	se_lgods4.wav	148429755	31602	31602
259	se_lgodsget.wav	148461357	44300	44300
260	se_msl.wav	148505657	3258	2828
261	se_msl2.wav	148508485	93220	93220
262	se_pldead01.wav	148601705	150900	150900
263	se_heal.wav	148752605	42480	42480
264	se_msl3.wav	148795085	78360	78360
265	se_fault.wav	148873445	405156	343413
266	se_noise.wav	149216858	66270	66270
267	se_etbreak.wav	149283128	10810	10810
268	se_tan03.wav	149293938	88938	88938
269	se_wolf.wav	149382876	447106	447106
270	se_bonus4.wav	149829982	45434	42713
271	se_big.wav	149872695	114858	114858
272	se_item01.wav	149987553	64874	60902
273	se_release.wav	150048455	352924	352924
274	se_changeitem.wav	150401379	44228	44228
275	se_trophy.wav	150445607	114052	114052
276	se_warpl.wav	150559659	88328	88328
277	se_warpr.wav	150647987	88328	88328
278	se_notice.wav	150736315	176570	176570
279	demo1.rpy	150912885	6353	6353
280	demo2.rpy	150919238	6712	6712
281	demo3.rpy	150925950	7421	7421
282	demo4.rpy	150933371	5973	5973
283	thbgm.fmt	150939344	1005	466
284	th20_0100a.ver	150939810	242	242
